0,14.0362284243122
0.01,14.0367044535513
0.02,14.0400360907284
0.03,14.0490760935062
0.04,14.0666714798344
0.05,14.0956605889745
0.06,14.1388700820645
0.07,14.1991118594413
0.08,14.2791798561909
0.09,14.3818466582236
0.1,14.5098598589064
0.11,14.665938051398
0.12,14.8527663247597
0.13,15.0729911031714
0.14,15.3292141375877
0.15,15.6239854283284
0.16,15.9597948255945
0.17,16.3390620227373
0.18,16.7641246239209
0.19,17.2372239328109
0.2,17.7604880707111
0.21,18.3359119891075
0.22,18.9653338899325
0.23,19.6504075031877
0.24,20.3925695909185
0.25,21.1930019428451
0.26,22.0525869950091
0.27,22.9718560303502
0.28,23.9509287002451
0.29,24.989442329756
0.3,26.0864691289892
0.31,27.2404190245165
0.32,28.4489253519946
0.33,29.7087101324322
0.34,31.0154251350142
0.35,32.3634644995155
0.36,33.7457445171287
0.37,35.1534465365765
0.38,36.5757203434714
0.39,37.9993484905074
0.4,39.40837801443
0.41,40.7837362155614
0.42,42.1028633769136
0.43,43.3394188237639
0.44,44.4631473264265
0.45,45.4400263430138
0.46,46.2328396972086
0.47,46.8023193598722
0.48,47.1089370097938
0.49,47.1152912043395
0.5,46.78883670318
0.51,46.1045057163486
0.52,45.0466837122224
0.53,43.6101101336964
0.54,41.7995631332057
0.55,39.6285307298471
0.56,37.1173105420499
0.57,34.2910338605377
0.58,31.1780066723138
0.59,27.8085923624971
0.6,24.214711598982
0.61,20.4299431844783
0.62,16.4901743454547
0.63,12.4347493749927
0.64,8.30807736444637
0.65,4.16166039595259
0.66,0.0564706381774266
0.67,-3.93448810518151
0.68,-7.72378360997323
0.69,-11.2079769460462
0.7,-14.2679289838876
0.71,-16.7724493672773
0.72,-18.58676755975
0.73,-19.586399682936
0.74,-19.674774234273
0.75,-18.8001012244378
0.76,-16.9654735271404
0.77,-14.2280972962974
0.78,-10.6882803322148
0.79,-6.47304038324408
0.8,-1.72018088023302
0.81,3.43325493834897
0.82,8.85691425875295
0.83,14.4280035210357
0.84,20.0282829937479
0.85,25.5383101228236
0.86,30.8298538082614
0.87,35.7575448144031
0.88,40.1517913565464
0.89,43.8171538686507
0.9,46.5431334115672
0.91,48.1341276441989
0.92,48.455772878682
0.93,47.4766779228354
0.94,45.277367311839
0.95,42.0198706128164
0.96,37.9006423692345
0.97,33.1133313187204
0.98,27.8311720503549
0.99,22.2050812513164
1,16.369948142924
1.01,10.4566571173304
1.02,4.59970373168325
1.03,-1.04718105868996
1.04,-6.30040774418874
1.05,-10.9414018632488
1.06,-14.7232813434526
1.07,-17.3966188790106
1.08,-18.7558674406728
1.09,-18.6928426816925
1.1,-17.2292604215274
1.11,-14.5071340171941
1.12,-10.7441310613045
1.13,-6.181483637474
1.14,-1.04686066419894
1.15,4.46224967805584
1.16,10.1798209968037
1.17,15.9642033580298
1.18,21.687427288217
1.19,27.2232107486329
1.2,32.434615855036
1.21,37.1623147811265
1.22,41.2161830448728
1.23,44.3767511561202
1.24,46.4170092687552
1.25,47.1512769075903
1.26,46.4967242362194
1.27,44.5078363581431
1.28,41.3550029796583
1.29,37.2655084523753
1.3,32.4688550113813
1.31,27.1684618621501
1.32,21.5365460394039
1.33,15.7212157856466
1.34,9.85781448115142
1.35,4.08073860795116
1.36,-1.46581897398554
1.37,-6.61933539049564
1.38,-11.1945302606318
1.39,-14.9862700246976
1.4,-17.7838333133478
1.41,-19.3987366583911
1.42,-19.7018046538591
1.43,-18.6559545560342
1.44,-16.3278549148961
1.45,-12.8714555995418
1.46,-8.49274493594644
1.47,-3.41302269649773
1.48,2.15691328837611
1.49,8.02861462722347
1.5,14.0367240086522
1.51,20.0328200999078
1.52,25.875641858471
1.53,31.4197977061209
1.54,36.5047139686246
1.55,40.9466074258035
1.56,44.5388365232485
1.57,47.068582532291
1.58,48.3550658266708
1.59,48.2999330075533
1.6,46.92133139361
1.61,44.3460424644406
1.62,40.7658716363238
1.63,36.3887567453548
1.64,31.4074414602436
1.65,25.9887780410421
1.66,20.2766048399004
1.67,14.4011553698619
1.68,8.49099868557638
1.69,2.68569906244737
1.7,-2.85206847420889
1.71,-7.92719385406849
1.72,-12.310117972558
1.73,-15.7491508625752
1.74,-18.0035222509884
1.75,-18.8945936681924
1.76,-18.3557338977964
1.77,-16.4520017105955
1.78,-13.3565780055811
1.79,-9.30033425629536
1.8,-4.52305964402208
1.81,0.756701300807727
1.82,6.35234719873245
1.83,12.1070137275648
1.84,17.8848926277671
1.85,23.5599400248741
1.86,29.0036914125966
1.87,34.0729690186512
1.88,38.5988073942238
1.89,42.3803711240026
1.9,45.1919369181935
1.91,46.8136223104776
1.92,47.087584004061
1.93,45.975497515455
1.94,43.575547233875
1.95,40.0842298979335
1.96,35.7344896444732
1.97,30.7489185918472
1.98,25.3202839876003
1.99,19.6116514452934
2,13.7655433559165
2.01,7.91570586729182
2.02,2.19868954753583
2.03,-3.23599893613405
2.04,-8.21846034336325
2.05,-12.55599479475
2.06,-16.0393562532345
2.07,-18.4615100495819
2.08,-19.6494765399072
2.09,-19.5018674666512
2.1,-18.0162942570043
2.11,-15.2916064890305
2.12,-11.5034423471326
2.13,-6.86659785762285
2.14,-1.60103395742461
2.15,4.08922088895923
2.16,10.0237556683268
2.17,16.0437753823001
2.18,22.0044415598045
2.19,27.7643982291766
2.2,33.1743476584531
2.21,38.0665993029548
2.22,42.2490811648711
2.23,45.5102007708294
2.24,47.6425719296533
2.25,48.4873852127133
2.26,47.9831054676614
2.27,46.187220204244
2.28,43.2539709399923
2.29,39.3853721141119
2.3,34.7866660230179
2.31,29.6423113119149
2.32,24.1107301186343
2.33,18.330001001384
2.34,12.4284153333153
2.35,6.53679825432202
2.36,0.801145944351021
2.37,-4.60584993641713
2.38,-9.47727441684741
2.39,-13.5738901666716
2.4,-16.6428809291798
2.41,-18.4579906983018
2.42,-18.8733023127063
2.43,-17.8660518607578
2.44,-15.5418625926352
2.45,-12.0992138060804
2.46,-7.77661965972807
2.47,-2.80908030567535
2.48,2.59511044775321
2.49,8.25993796953492
2.5,14.0367044535512
2.51,19.7941759068523
2.52,25.4068752016477
2.53,30.7427806473736
2.54,35.6512155168441
2.55,39.9528341223633
2.56,43.4367659031807
2.57,45.8744093159354
2.58,47.059455855123
2.59,46.8686927603536
2.6,45.3103397997379
2.61,42.5217173980286
2.62,38.7181943494168
2.63,34.1330893696116
2.64,28.9800060750808
2.65,23.4411664604814
2.66,17.6715535846087
2.67,11.8094319669606
2.68,5.98824581972072
2.69,0.34783730391588
2.7,-4.95612823268623
2.71,-9.74607674864533
2.72,-13.8225484425442
2.73,-16.974258103401
2.74,-19.0014548911914
2.75,-19.7509747391925
2.76,-19.1524028115529
2.77,-17.2383080206907
2.78,-14.1368772867237
2.79,-10.0411041759789
2.8,-5.17073917462841
2.81,0.257937983565932
2.82,6.04848700712614
2.83,12.0282773507858
2.84,18.0442022467276
2.85,23.9538281058132
2.86,29.614420498569
2.87,34.8715873851801
2.88,39.5498029196729
2.89,43.4491722122459
2.9,46.3557570690696
2.91,48.0726673517667
2.92,48.4687711136244
2.93,47.521938843371
2.94,45.3263505254973
2.95,42.0579704616611
2.96,37.9239414020977
2.97,33.1241731377692
2.98,27.8343280606629
2.99,22.2050812513165
3,16.3704330155679
3.01,10.4576290187078
3.02,4.60398128907177
3.03,-1.03455736505018
3.04,-6.27376235800761
3.05,-10.8973250028219
3.06,-14.6648939037296
3.07,-17.3383987505549
3.08,-18.7270185741916
3.09,-18.7368425714515
3.1,-17.3990584676385
3.11,-14.8583548194499
3.12,-11.3294844629237
3.13,-7.04777331820635
3.14,-2.233908358133
3.15,2.92218917690138
3.16,8.26337820544622
3.17,13.6598443257804
3.18,19.0008282150085
3.19,24.1859374722703
3.2,29.1170524988802
3.21,33.6913366244562
3.22,37.7960994623635
3.23,41.3071268391344
3.24,44.093243866019
3.25,46.0301405408475
3.26,47.023616812353
3.27,47.0353277570084
3.28,46.0976282492185
3.29,44.307417827544
3.3,41.802274909048
3.31,38.732379830477
3.32,35.2397524377053
3.33,31.4480418766701
3.34,27.4603474759686
3.35,23.3613053816251
3.36,19.2206941309818
3.37,15.0970983109079
3.38,11.0410287935366
3.39,7.09733363577636
3.4,3.30691065829331
3.41,-0.292215559693416
3.42,-3.66438621475678
3.43,-6.77631097735145
3.44,-9.59752020864017
3.45,-12.101189265815
3.46,-14.2652245453081
3.47,-16.0734581362284
3.48,-17.5167589844362
3.49,-18.593852201868
3.5,-19.3116620766241
3.51,-19.68506479702
3.52,-19.7360419022959
3.53,-19.4923363575257
3.54,-18.9857965218755
3.55,-18.250626592441
3.56,-17.3217429894892
3.57,-16.2333802907871
3.58,-15.0180211417931
3.59,-13.7056623201869
3.6,-12.3233850637399
3.61,-10.8951740736079
3.62,-9.44192266499581
3.63,-7.98156559355493
3.64,-6.5292907435045
3.65,-5.0977921956059
3.66,-3.69753786187407
3.67,-2.3370337883167
3.68,-1.02307410006692
3.69,0.239029458443244
3.7,1.44524102360278
3.71,2.59261757777325
3.72,3.6791484652593
3.73,4.70361580940427
3.74,5.66547384498437
3.75,6.56474509547345
3.76,7.40193138867622
3.77,8.1779378476751
3.78,8.89400817247414
3.79,9.55166971390272
3.8,10.1526870195977
3.81,10.6990226943915
3.82,11.1928045611389
3.83,11.6362982328823
3.84,12.03188431485
3.85,12.3820395474415
3.86,12.6893212816262
3.87,12.9563547484884
3.88,13.1858226471489
3.89,13.380456631677
3.9,13.5430303292462
3.91,13.6763535696159
3.92,13.7832675506502
3.93,13.8666407063531
3.94,13.9293650828916
3.95,13.9743530642633
3.96,14.0045343224344
3.97,14.0228528967033
3.98,14.0322643334346
3.99,14.035732839887
4,14.0362284243121
