0,14.0362284243122
0.01,14.0366893089522
0.02,14.0399149612252
0.03,14.0486674679165
0.04,14.0657036151423
0.05,14.0937723365588
0.06,14.1356122158878
0.07,14.1939490159931
0.08,14.2714931887936
0.09,14.3709372985578
0.1,14.4949532660111
0.11,14.6461893126425
0.12,14.8272664541414
0.13,15.0407743595392
0.14,15.2892663588707
0.15,15.5752533474153
0.16,15.9011962990912
0.17,16.2694970653784
0.18,16.6824870989231
0.19,17.1424137019601
0.2,17.6514233575234
0.21,18.2115416540069
0.22,18.8246492580465
0.23,19.4924533229228
0.24,20.2164536346536
0.25,20.9979026893068
0.26,21.8377587553007
0.27,22.7366307949491
0.28,23.6947138909663
0.29,24.711713536881
0.3,25.786756797802
0.31,26.918287926519
0.32,28.1039455354205
0.33,29.3404179000634
0.34,30.6232724585539
0.35,31.9467551766232
0.36,33.3035553600311
0.37,34.6845320351981
0.38,36.0783997072297
0.39,37.4713749444007
0.4,38.846791986249
0.41,40.1847069397789
0.42,41.4615277708849
0.43,42.6497323481574
0.44,43.7177683919885
0.45,44.6302619585376
0.46,45.348682080009
0.47,45.8325963035694
0.48,46.0415785634812
0.49,45.9376819192549
0.5,45.4881856717541
0.51,44.6681439799897
0.52,43.4622078502388
0.53,41.8653343064359
0.54,39.8823006070858
0.55,37.5262714373628
0.56,34.8168757722496
0.57,31.7782757325974
0.58,28.4375952457062
0.59,24.8239137132533
0.6,20.9678948091093
0.61,16.9020445647524
0.62,12.6615718144536
0.63,8.28583729973298
0.64,3.8204016318738
0.65,-0.680306968257684
0.66,-5.14971583151066
0.67,-9.50535055660667
0.68,-13.6449985574767
0.69,-17.4437090723646
0.7,-20.7533481405606
0.71,-23.4073428560606
0.72,-25.2335575642666
0.73,-26.0765498456515
0.74,-25.8256896868718
0.75,-24.4395858907045
0.76,-21.9555334371065
0.77,-18.4792855527814
0.78,-14.1609647719676
0.79,-9.16837866439701
0.8,-3.66652093378432
0.81,2.19372812767734
0.82,8.27882698612959
0.83,14.4701934308675
0.84,20.6583353180089
0.85,26.7347543876306
0.86,32.5821900450812
0.87,38.0635943759798
0.88,43.0110709084636
0.89,47.2187221988039
0.9,50.4484028132526
0.91,52.4613925510465
0.92,53.0803035974055
0.93,52.255299032195
0.94,50.0853462317418
0.95,46.7757649670313
0.96,42.5689056508208
0.97,37.6928773890467
0.98,32.3412221831165
0.99,26.6737826611171
1,20.8263493568735
1.01,14.9247665632116
1.02,9.09319301069871
1.03,3.46933232567618
1.04,-1.78567889394381
1.05,-6.48194734408341
1.06,-10.4044449035594
1.07,-13.3309406401291
1.08,-15.0664758467527
1.09,-15.486940822656
1.1,-14.5727689631089
1.11,-12.4134683872703
1.12,-9.18057679530191
1.13,-5.08574314351436
1.14,-0.344126823641512
1.15,4.84687591303037
1.16,10.3141440985087
1.17,15.9054762892318
1.18,21.4808997826596
1.19,26.9014092883168
1.2,32.0166058067731
1.21,36.6526876740808
1.22,40.6041048046325
1.23,43.6362086582403
1.24,45.509998747726
1.25,46.0347225627746
1.26,45.1306019468824
1.27,42.8596037674386
1.28,39.3983736837501
1.29,34.9764576943596
1.3,29.8223840767671
1.31,24.1373090610592
1.32,18.0915212018272
1.33,11.8327742295225
1.34,5.49895010018019
1.35,-0.768282491927376
1.36,-6.81009102306915
1.37,-12.4385786239592
1.38,-17.4290880252777
1.39,-21.5222755037537
1.4,-24.4441481781881
1.41,-25.9500278645729
1.42,-25.8851874204987
1.43,-24.2345967710538
1.44,-21.1296551514444
1.45,-16.8066429333272
1.46,-11.5444624248322
1.47,-5.61360190934106
1.48,0.750577003644237
1.49,7.35381713669528
1.5,14.0367774913657
1.51,20.6633405131293
1.52,27.1069072386758
1.53,33.2360051025631
1.54,38.8998236478403
1.55,43.9153862081263
1.56,48.0617205317338
1.57,51.0923389944337
1.58,52.779273833073
1.59,52.9848382177204
1.6,51.720598006775
1.61,49.1439551419007
1.62,45.4952178904813
1.63,41.0266540362115
1.64,35.9611569398801
1.65,30.4817486714754
1.66,24.7381160120064
1.67,18.8591930684705
1.68,12.9667157382949
1.69,7.18809599799153
1.7,1.66790732570721
1.71,-3.42338662631192
1.72,-7.88651083820422
1.73,-11.5012083729603
1.74,-14.0497811288001
1.75,-15.3560617685227
1.76,-15.3281881289084
1.77,-13.9841809409785
1.78,-11.4450925053947
1.79,-7.90057483925604
1.8,-3.56683892150139
1.81,1.34532340891572
1.82,6.64648107757496
1.83,12.1711995564596
1.84,17.7724865213292
1.85,23.3120208101783
1.86,28.6483936816722
1.87,33.6246567921621
1.88,38.0570088171186
1.89,41.7290568493868
1.9,44.400551360121
1.91,45.8415515926226
1.92,45.8919513349609
1.93,44.5185748179326
1.94,41.8272390369946
1.95,38.019462818204
1.96,33.3291797184605
1.97,27.9773642696504
1.98,22.1544783924051
1.99,16.022052646222
2,9.72305474563234
2.01,3.39510710164741
2.02,-2.81584655662147
2.03,-8.74247912046683
2.04,-14.1851593179343
2.05,-18.9067318850106
2.06,-22.6396140188435
2.07,-25.1135318284475
2.08,-26.1068518433606
2.09,-25.5074821083617
2.1,-23.3511143169089
2.11,-19.8105106145994
2.12,-15.1430411906235
2.13,-9.62933265736922
2.14,-3.52994089711278
2.15,2.93358325412146
2.16,9.57968539354815
2.17,16.2582093742368
2.18,22.8377811269242
2.19,29.1917940781877
2.2,35.1839135819498
2.21,40.6538485088366
2.22,45.4059931672698
2.23,49.2081500192474
2.24,51.8133486273804
2.25,53.0151897626269
2.26,52.7215271973104
2.27,50.9966167254867
2.28,48.0340660997354
2.29,44.084970508406
2.3,39.3946410115735
2.31,34.1727097801662
2.32,28.5898998171738
2.33,22.787475497944
2.34,16.8904826637349
2.35,11.0211718709428
2.36,5.31149464298675
2.37,-0.0861111824924655
2.38,-4.99148798251556
2.39,-9.19680226983348
2.4,-12.479177909728
2.41,-14.6298760088975
2.42,-15.4964651382976
2.43,-15.0223179117706
2.44,-13.2622341777797
2.45,-10.3647968459615
2.46,-6.53294520811335
2.47,-1.98385538356271
2.48,3.07778939053788
2.49,8.47077037628
2.5,14.0366893089522
2.51,19.6326599465448
2.52,25.1206970311181
2.53,30.3555919887388
2.54,35.1725561781617
2.55,39.3770767285057
2.56,42.7427841527425
2.57,45.0275994290289
2.58,46.017493690002
2.59,45.5897693379199
2.6,43.7592992920931
2.61,40.6705840682811
2.62,36.5426351112961
2.63,31.6086695184036
2.64,26.0802498622219
2.65,20.1374096140038
2.66,13.9341203377371
2.67,7.61004957870546
2.68,1.30408550338932
2.69,-4.83209077520214
2.7,-10.621416238221
2.71,-15.8518900675179
2.72,-20.2745716960219
2.73,-23.616681617752
2.74,-25.617478186059
2.75,-26.0854345283821
2.76,-24.9555990258167
2.77,-22.3131239099794
2.78,-18.3659908841138
2.79,-13.3856062459123
2.8,-7.64946721851057
2.81,-1.40615954834311
2.82,5.13661376701483
2.83,11.8090002896161
2.84,18.468606855295
2.85,24.9872397215201
2.86,31.2366699830515
2.87,37.0741017222616
2.88,42.3284444919891
2.89,46.7912077153636
2.9,50.2212781242965
2.91,52.3774542860631
2.92,53.0835629468444
2.93,52.2980705409281
2.94,50.1346634391645
2.95,46.8146501509952
2.96,42.5926864797143
2.97,37.7038936669569
2.98,32.3444105477711
2.99,26.6737826611171
3,20.8268341483995
3.01,14.9257350574499
3.02,9.09745029780349
3.03,3.4819216125267
3.04,-1.75890972672409
3.05,-6.43691585015547
3.06,-10.3426315324396
3.07,-13.2638807245831
3.08,-15.019430588382
3.09,-15.4996731727962
3.1,-14.6963396966024
3.11,-12.7042795763753
3.12,-9.69437188544174
3.13,-5.87350209549794
3.14,-1.44994446540957
3.15,3.38702707211273
3.16,8.47406716835023
3.17,13.6719227576402
3.18,18.8592365416617
3.19,23.924789563425
3.2,28.759657248302
3.21,33.2501613349065
3.22,37.272675875824
3.23,40.6922110817395
3.24,43.3678383329408
3.25,45.1680479686746
3.26,45.995626336288
3.27,45.8139056327343
3.28,44.6601449587048
3.29,42.6367276505564
3.3,39.8852554110134
3.31,36.5579483040043
3.32,32.7974193542396
3.33,28.7272468436813
3.34,24.4503937902634
3.35,20.0516567333368
3.36,15.6014841992362
3.37,11.1597904552628
3.38,6.77921251362089
3.39,2.50766138387592
3.4,-1.6098270633688
3.41,-5.52990107394985
3.42,-9.21033196840536
3.43,-12.6100717955023
3.44,-15.6899235194567
3.45,-18.4137946850651
3.46,-20.7504451809681
3.47,-22.6755429472297
3.48,-24.1737282415302
3.49,-25.2403004197734
3.5,-25.8821360058217
3.51,-26.1175602058639
3.52,-25.9751122519879
3.53,-25.4913963285292
3.54,-24.7083988447339
3.55,-23.6707148437027
3.56,-22.4230604257141
3.57,-21.0083057520493
3.58,-19.4661100112736
3.59,-17.8321218548006
3.6,-16.1376423464817
3.61,-14.4096260570308
3.62,-12.6709038593408
3.63,-10.9405329267742
3.64,-9.23420467434365
3.65,-7.56466408610313
3.66,-5.94211179190636
3.67,-4.37457320401186
3.68,-2.86822774045429
3.69,-1.4276966506233
3.7,-0.056291157942503
3.71,1.2437756990101
3.72,2.4712094535618
3.73,3.6254826459188
3.74,4.7067073447507
3.75,5.7155281731924
3.76,6.65303269473022
3.77,7.52067645175197
3.78,8.32022035494762
3.79,9.05367848082596
3.8,9.7232746431204
3.81,10.3314063634993
3.82,10.8806150824258
3.83,11.3735616282635
3.84,11.8130061080595
3.85,12.2017915028284
3.86,12.5428303489074
3.87,12.8390939695941
3.88,13.0936037915577
3.89,13.3094243413471
3.9,13.4896575710129
3.91,13.6374382100173
3.92,13.755929884418
3.93,13.8483217844831
3.94,13.9178256988525
3.95,13.9676732673033
3.96,14.0011133350784
3.97,14.0214093195182
3.98,14.0318365242139
3.99,14.035679356872
4,14.0362284243121
