0,14.0362284243121
0.01,14.0366996171136
0.02,14.0399973984149
0.03,14.0489454792818
0.04,14.0663617064076
0.05,14.0950549423302
0.06,14.1378218020186
0.07,14.1974432232084
0.08,14.2766808317287
0.09,14.3782730432858
0.1,14.5049308201717
0.11,14.6593329755995
0.12,14.844120890364
0.13,15.0618924768423
0.14,15.3151951945343
0.15,15.6065178899217
0.16,15.9382812017939
0.17,16.312826241626
0.18,16.7324012270886
0.19,17.1991457150265
0.2,17.7150720475425
0.21,18.2820435899442
0.22,18.9017493004758
0.23,19.5756741265716
0.24,20.3050646678068
0.25,21.090889478267
0.26,21.9337932968073
0.27,22.8340443888283
0.28,23.7914740546537
0.29,24.8054072060734
0.3,25.8745827363747
0.31,26.9970622186585
0.32,28.1701252810628
0.33,29.3901498604546
0.34,30.6524754876933
0.35,31.9512479038852
0.36,33.2792437968494
0.37,34.6276755006563
0.38,35.985977429918
0.39,37.3415792378746
0.4,38.6796756932588
0.41,39.9830105765493
0.42,41.2317018347633
0.43,42.4031475914186
0.44,43.4720660275084
0.45,44.4107333689534
0.46,45.1894874682821
0.47,45.7775517741987
0.48,46.1441979196203
0.49,46.2602018029442
0.5,46.0994664237229
0.51,45.6406085318974
0.52,44.8682689974632
0.53,43.7739361533838
0.54,42.3561691404059
0.55,40.6202437504207
0.56,38.5773672491093
0.57,36.2436805884692
0.58,33.6392740660249
0.59,30.7874017290608
0.6,27.7140192153324
0.61,24.4477138025667
0.62,21.0200562310682
0.63,17.46638085243
0.64,13.8269845058601
0.65,10.1487102859666
0.66,6.4868307598513
0.67,2.90704325906105
0.68,-0.512785011768575
0.69,-3.68173995186466
0.7,-6.49676489160312
0.71,-8.84645056431316
0.72,-10.6186176632646
0.73,-11.7116777577149
0.74,-12.0480633125878
0.75,-11.5862355255452
0.76,-10.327270339546
0.77,-8.31372112181166
0.78,-5.62160558070401
0.79,-2.34890136846839
0.8,1.39558138612226
0.81,5.50033770987008
0.82,9.85541132878503
0.83,14.3530424384734
0.84,18.8855180137561
0.85,23.3410878503285
0.86,27.5988084125659
0.87,31.5234360797088
0.88,34.9622635077965
0.89,37.747082906012
0.9,39.7054735562622
0.91,40.6841107028189
0.92,40.5802672345428
0.93,39.3683450067649
0.94,37.1060806266119
0.95,33.9167587582658
0.96,29.9591843434387
0.97,25.4010053599708
0.98,20.4034043030852
0.99,15.1168269469399
1,9.68349866508515
1.01,4.2453400849914
1.02,-1.05231523981792
1.03,-6.05025509870731
1.04,-10.5707105562086
1.05,-14.4182983918398
1.06,-17.3901031558958
1.07,-19.2974629132073
1.08,-19.9975260785179
1.09,-19.42503032263
1.1,-17.609697748433
1.11,-14.6694889661943
1.12,-10.7832634439684
1.13,-6.15660513170754
1.14,-0.993945906268972
1.15,4.51732896834338
1.16,10.2116789982954
1.17,15.9426357781443
1.18,21.5758478789272
1.19,26.9803400409514
1.2,32.0196988850332
1.21,36.5450131904173
1.22,40.3924278787327
1.23,43.3896012501416
1.24,45.3751987412422
1.25,46.2304355154231
1.26,45.9111661706376
1.27,44.4621135690653
1.28,42.0034478466729
1.29,38.6987985089358
1.3,34.7230989317993
1.31,30.2422041935655
1.32,25.4055963581758
1.33,20.3481090648654
1.34,15.1963230300463
1.35,10.0767199188973
1.36,5.12377638225739
1.37,0.486395760169454
1.38,-3.66944943161739
1.39,-7.1647478115713
1.4,-9.82097851418883
1.41,-11.4835642987138
1.42,-12.0502506723824
1.43,-11.4936500604703
1.44,-9.86698622286929
1.45,-7.29018532374357
1.46,-3.92393145293244
1.47,0.0565911067350667
1.48,4.48020623052332
1.49,9.18849367080382
1.5,14.0366291475364
1.51,18.889190678983
1.52,23.6133487174734
1.53,28.0712371595039
1.54,32.113234908132
1.55,35.5746482957099
1.56,38.2796278472258
1.57,40.0566620408482
1.58,40.7666950799089
1.59,40.3359992405987
1.6,38.7770814401005
1.61,36.1841858722873
1.62,32.7065937110373
1.63,28.5161750153541
1.64,23.7836288458093
1.65,18.6677379338686
1.66,13.3148709916803
1.67,7.86434926164489
1.68,2.45632842808356
1.69,-2.75997204395259
1.7,-7.61946398944137
1.71,-11.9380254821184
1.72,-15.5160921220478
1.73,-18.1524908429087
1.74,-19.6700389793813
1.75,-19.9486211751212
1.76,-18.9538052303149
1.77,-16.7467037479599
1.78,-13.4692770633053
1.79,-9.31298886914332
1.8,-4.48558301196651
1.81,0.813032913937049
1.82,6.40267465279668
1.83,12.1247343397234
1.84,17.8376835384762
1.85,23.4093034212853
1.86,28.7077425189182
1.87,33.5930511638726
1.88,37.9112687498403
1.89,41.4944141640326
1.9,44.1709478527415
1.91,45.7898382569002
1.92,46.2541211720476
1.93,45.549033124203
1.94,43.7472079674332
1.95,40.9872331679755
1.96,37.4396296577938
1.97,33.2778694894031
1.98,28.6626142093009
1.99,23.7379638325713
2,18.6351576814004
2.01,13.4798088977612
2.02,8.40021138052274
2.03,3.53507162404402
2.04,-0.961046530596167
2.05,-4.91695569175135
2.06,-8.15178300996229
2.07,-10.4919724114262
2.08,-11.7972626960765
2.09,-11.988500285011
2.1,-11.0655529026191
2.11,-9.10625395204234
2.12,-6.24724491136673
2.13,-2.65668305864953
2.14,1.49001858447601
2.15,6.02541228010683
2.16,10.7958228246804
2.17,15.6601977129107
2.18,20.4848092870205
2.19,25.1359910485236
2.2,29.4726001371409
2.21,33.3400947313355
2.22,36.5691368454689
2.23,38.9829363792569
2.24,40.4171706899876
2.25,40.7511114867115
2.26,39.9385565332564
2.27,38.0211049824698
2.28,35.1149818489792
2.29,31.3803799011382
2.3,26.990770491962
2.31,22.1134768976375
2.32,16.9028247223154
2.33,11.5020579411023
2.34,6.04984614633336
2.35,0.688484722999409
2.36,-4.42814720062291
2.37,-9.12870778859878
2.38,-13.2230900169461
2.39,-16.5090681600474
2.4,-18.7900880000605
2.41,-19.9042253075438
2.42,-19.7574121987292
2.43,-18.3471972903226
2.44,-15.7643762111069
2.45,-12.1712911634198
2.46,-7.76822412245581
2.47,-2.76237743654384
2.48,2.6521637339513
2.49,8.30258956850318
2.5,14.0366996171135
2.51,19.7170254560345
2.52,25.21247468262
2.53,30.3893629433047
2.54,35.1035200038448
2.55,39.1958946661509
2.56,42.4955094149438
2.57,44.8343286055343
2.58,46.0754841998803
2.59,46.1471251949098
2.6,45.0644836902324
2.61,42.9255859785497
2.62,39.8834957515238
2.63,36.1123398807838
2.64,31.7823957464268
2.65,27.0487563277298
2.66,22.0505835308222
2.67,16.9163455691491
2.68,11.7716235651361
2.69,6.74739612293014
2.7,1.98722416940041
2.71,-2.34855662285326
2.72,-6.08429225675501
2.73,-9.03914293060126
2.74,-11.0474635908254
2.75,-11.9865048396583
2.76,-11.8022887489501
2.77,-10.5218127607907
2.78,-8.24529884038949
2.79,-5.12297182896929
2.8,-1.327717406534
2.81,2.9665132848007
2.82,7.59662313585448
2.83,12.4135301748016
2.84,17.279347308792
2.85,22.0612209889613
2.86,26.6237956913579
2.87,30.8219703352495
2.88,34.4960909679195
2.89,37.4729542191483
2.9,39.5770468355786
2.91,40.6547906392585
2.92,40.6073848127772
2.93,39.4177130800696
2.94,37.1549157513252
2.95,33.9536293243056
2.96,29.9814523159719
2.97,25.4112951114728
2.98,20.4063809412928
2.99,15.1168269469399
3,9.68394764063235
3.01,4.24622716697979
3.02,-1.04848462384442
3.03,-6.03922661388402
3.04,-10.5481703486325
3.05,-14.3826123763069
3.06,-17.3459574682645
3.07,-19.2596672642972
3.08,-19.9935775240748
3.09,-19.4949633670742
3.1,-17.8028076220027
3.11,-15.0391349475983
3.12,-11.3817162513484
3.13,-7.03123765833681
3.14,-2.18484097521009
3.15,2.97909166604953
3.16,8.30601326971875
3.17,13.6635952069134
3.18,18.9366808132248
3.19,24.0210689488416
3.2,28.8175300617541
3.21,33.2270456576333
3.22,37.1482771001803
3.23,40.4785150747041
3.24,43.1194003525283
3.25,44.9878280607643
3.26,46.0301121500302
3.27,46.2344640128693
3.28,45.6357527000152
3.29,44.3095868107311
3.3,42.3583158327688
3.31,39.8950113958377
3.32,37.0306362297918
3.33,33.8664304671929
3.34,30.4909283054031
3.35,26.9800036972167
3.36,23.3984481034393
3.37,19.8020668207932
3.38,16.2397276699379
3.39,12.7550906978096
3.4,9.38790911683816
3.41,6.17486977540052
3.42,3.14997792418608
3.43,0.344513188099212
3.44,-2.21339323667253
3.45,-4.49947972387224
3.46,-6.49425666257586
3.47,-8.18393822733027
3.48,-9.56123091513814
3.49,-10.6258133630781
3.5,-11.3843840640934
3.51,-11.8502264348477
3.52,-12.0423272682217
3.53,-11.9841610776534
3.54,-11.7022986798488
3.55,-11.2250049169749
3.56,-10.5809629711067
3.57,-9.79821577284168
3.58,-8.90336470577366
3.59,-7.92102403956289
3.6,-6.87350172272152
3.61,-5.78066331742429
3.62,-4.65993285879037
3.63,-3.5263882817559
3.64,-2.39291627737371
3.65,-1.27039953909325
3.66,-0.16791688381375
3.67,0.907056988108324
3.68,1.94846046240491
3.69,2.95146751768303
3.7,3.91232610118489
3.71,4.82821306842097
3.72,5.69710536016116
3.73,6.51766650048869
3.74,7.28914720000065
3.75,8.01129873511532
3.76,8.68429777466601
3.77,9.30868138891775
3.78,9.88529107135508
3.79,10.4152247098699
3.8,10.8997955494503
3.81,11.3404972869724
3.82,11.7389745275364
3.83,12.0969979105641
3.84,12.4164432833103
3.85,12.699274360927
3.86,12.9475283672414
3.87,13.1633042004253
3.88,13.3487527139841
3.89,13.506068746894
3.9,13.6374845779742
3.91,13.7452645190618
3.92,13.8317003994401
3.93,13.8991077302261
3.94,13.9498223718756
3.95,13.9861975603652
3.96,14.0106011776002
3.97,14.0254131788467
3.98,14.0330231141156
3.99,14.0358277011166
4,14.0362284243121
